1 PIPE -100 100 0.015 0.0012 0.35276 0 0 0 0 0 0
1 VTX -0.125 0.125 0.0175 4.5e-005 0.0937 2 0 1.5708 3e-006 3e-006 1
1 VTX -0.125 0.125 0.0185 4.5e-005 0.0937 2 0 1.5708 3e-006 3e-006 1
1 VTX -0.125 0.125 0.037 4.5e-005 0.0937 2 0 1.5708 3e-006 3e-006 1
1 VTX -0.125 0.125 0.038 4.5e-005 0.0937 2 0 1.5708 3e-006 3e-006 1
1 VTX -0.125 0.125 0.057 4.5e-005 0.0937 2 0 1.5708 3e-006 3e-006 1
1 VTX -0.125 0.125 0.058 4.5e-005 0.0937 2 0 1.5708 3e-006 3e-006 1
1 VTX -0.125 0.125 0.018 0.000557 0.0937 0 0 0 0 0 0
1 VTX -0.125 0.125 0.0375 0.000557 0.0937 0 0 0 0 0 0
1 VTX -0.125 0.125 0.0575 0.000557 0.0937 0 0 0 0 0 0
1 VTX -0.5 0.5 0.112 0.000337 0.0937 0 0 0 0 0 0
1 VTX -0.126 0.126 0.111 9e-006 0.0937 0 0 0 0 0 0
1 VTX -0.5 0.5 0.1115 9e-006 0.0937 0 0 0 0 0 0
1 ITK -0.4816 0.4816 0.127 0.000956 0.0937 2 0 1.5708 7e-006 9e-005 1
1 ITK -0.4816 0.4816 0.4 0.000956 0.0937 2 0 1.5708 7e-006 9e-005 1
1 ITK -0.6923 0.6923 0.67 0.000956 0.0937 2 0 1.5708 7e-006 9e-005 1
1 ITK -0.4816 0.4816 0.132 0.000159 0.0937 0 0 0 0 0 0
1 ITK -0.4816 0.4816 0.405 0.000159 0.0937 0 0 0 0 0 0
1 ITK -0.6923 0.6923 0.675 0.000159 0.0937 0 0 0 0 0 0
1 ITK -2.3 2.3 0.686 0.001171 0.0937 0 0 0 0 0 0
1 ITK -2.3 2.3 0.6855 0.000281 0.0937 0 0 0 0 0 0
1 OTK -1.2642 1.2642 1 0.000956 0.0937 2 0 1.5708 7e-006 9e-005 1
1 OTK -1.2642 1.2642 1.568 0.000956 0.0937 2 0 1.5708 7e-006 9e-005 1
1 OTK -1.2642 1.2642 2.136 0.000956 0.0937 2 0 1.5708 7e-006 9e-005 1
1 OTK -1.2642 1.2642 1.005 0.000244 0.0937 0 0 0 0 0 0
1 OTK -1.2642 1.2642 1.578 0.000117 0.0937 0 0 0 0 0 0
1 OTK -1.2642 1.2642 2.126 0.000117 0.0937 0 0 0 0 0 0
2 VTXDSK 0.045 0.102 -0.301 4.4e-005 0.0937 2 0 1.5708 3e-006 3e-006 1
2 VTXDSK 0.045 0.102 -0.299 4.4e-005 0.0937 2 0 1.5708 3e-006 3e-006 1
2 VTXDSK 0.0345 0.102 -0.231 4.4e-005 0.0937 2 0 1.5708 3e-006 3e-006 1
2 VTXDSK 0.0345 0.102 -0.229 4.4e-005 0.0937 2 0 1.5708 3e-006 3e-006 1
2 VTXDSK 0.024 0.102 -0.161 4.4e-005 0.0937 2 0 1.5708 3e-006 3e-006 1
2 VTXDSK 0.024 0.102 -0.159 4.4e-005 0.0937 2 0 1.5708 3e-006 3e-006 1
2 VTXDSK 0.024 0.102 0.159 4.4e-005 0.0937 2 0 1.5708 3e-006 3e-006 1
2 VTXDSK 0.024 0.102 0.161 4.4e-005 0.0937 2 0 1.5708 3e-006 3e-006 1
2 VTXDSK 0.0345 0.102 0.229 4.4e-005 0.0937 2 0 1.5708 3e-006 3e-006 1
2 VTXDSK 0.0345 0.102 0.231 4.4e-005 0.0937 2 0 1.5708 3e-006 3e-006 1
2 VTXDSK 0.045 0.102 0.299 4.4e-005 0.0937 2 0 1.5708 3e-006 3e-006 1
2 VTXDSK 0.045 0.102 0.301 4.4e-005 0.0937 2 0 1.5708 3e-006 3e-006 1
2 VTXDSK 0.075 0.102 -0.5 0.000337 0.0937 0 0 0 0 0 0
2 VTXDSK 0.045 0.102 -0.3 0.000557 0.0937 0 0 0 0 0 0
2 VTXDSK 0.0345 0.102 -0.23 0.000557 0.0937 0 0 0 0 0 0
2 VTXDSK 0.024 0.102 -0.16 0.000557 0.0937 0 0 0 0 0 0
2 VTXDSK 0.0175 0.112 -0.126 9e-006 0.0937 0 0 0 0 0 0
2 VTXDSK 0.0175 0.112 0.126 9e-006 0.0937 0 0 0 0 0 0
2 VTXDSK 0.024 0.102 0.16 0.000557 0.0937 0 0 0 0 0 0
2 VTXDSK 0.0345 0.102 0.23 0.000557 0.0937 0 0 0 0 0 0
2 VTXDSK 0.045 0.102 0.3 0.000557 0.0937 0 0 0 0 0 0
2 VTXDSK 0.075 0.102 0.5 0.000337 0.0937 0 0 0 0 0 0
2 ITKDSK 0.33 0.647 -2.19 0.000956 0.0937 2 0 1.5708 7e-006 9e-005 1
2 ITKDSK 0.293 0.64 -1.946 0.000956 0.0937 2 0 1.5708 7e-006 9e-005 1
2 ITKDSK 0.2495 0.657 -1.661 0.000956 0.0937 2 0 1.5708 7e-006 9e-005 1
2 ITKDSK 0.2075 0.6605 -1.377 0.000956 0.0937 2 0 1.5708 7e-006 9e-005 1
2 ITKDSK 0.166 0.663 -1.093 0.000956 0.0937 2 0 1.5708 7e-006 9e-005 1
2 ITKDSK 0.1235 0.652 -0.808 0.000956 0.0937 2 0 1.5708 7e-006 9e-005 1
2 ITKDSK 0.0795 0.457 -0.524 0.000956 0.0937 2 0 1.5708 7e-006 9e-005 1
2 ITKDSK 0.0795 0.457 0.524 0.000956 0.0937 2 0 1.5708 7e-006 9e-005 1
2 ITKDSK 0.1235 0.652 0.808 0.000956 0.0937 2 0 1.5708 7e-006 9e-005 1
2 ITKDSK 0.166 0.663 1.093 0.000956 0.0937 2 0 1.5708 7e-006 9e-005 1
2 ITKDSK 0.2075 0.6605 1.377 0.000956 0.0937 2 0 1.5708 7e-006 9e-005 1
2 ITKDSK 0.2495 0.657 1.661 0.000956 0.0937 2 0 1.5708 7e-006 9e-005 1
2 ITKDSK 0.293 0.64 1.946 0.000956 0.0937 2 0 1.5708 7e-006 9e-005 1
2 ITKDSK 0.33 0.647 2.19 0.000956 0.0937 2 0 1.5708 7e-006 9e-005 1
2 ITKDSK 0.33 0.648 -2.18 0.000346 0.0937 0 0 0 0 0 0
2 ITKDSK 0.293 0.641 -1.956 0.000346 0.0937 0 0 0 0 0 0
2 ITKDSK 0.2495 0.658 -1.651 0.000321 0.0937 0 0 0 0 0 0
2 ITKDSK 0.2075 0.6615 -1.387 0.000321 0.0937 0 0 0 0 0 0
2 ITKDSK 0.166 0.664 -1.083 0.000289 0.0937 0 0 0 0 0 0
2 ITKDSK 0.1235 0.653 -0.818 0.000289 0.0937 0 0 0 0 0 0
2 ITKDSK 0.0795 0.456 -0.514 0.000309 0.0937 0 0 0 0 0 0
2 ITKDSK 0.0795 0.456 0.514 0.000309 0.0937 0 0 0 0 0 0
2 ITKDSK 0.1235 0.653 0.818 0.000289 0.0937 0 0 0 0 0 0
2 ITKDSK 0.166 0.664 1.083 0.000289 0.0937 0 0 0 0 0 0
2 ITKDSK 0.2075 0.6615 1.387 0.000321 0.0937 0 0 0 0 0 0
2 ITKDSK 0.2495 0.658 1.651 0.000321 0.0937 0 0 0 0 0 0
2 ITKDSK 0.293 0.641 1.956 0.000346 0.0937 0 0 0 0 0 0
2 ITKDSK 0.33 0.648 2.18 0.000346 0.0937 0 0 0 0 0 0
2 OTKDSK 0.718 2.08 -2.19 0.000956 0.0937 2 0 1.5708 7e-006 9e-005 1
2 OTKDSK 0.718 2.08 -1.883 0.000956 0.0937 2 0 1.5708 7e-006 9e-005 1
2 OTKDSK 0.718 2.08 -1.617 0.000956 0.0937 2 0 1.5708 7e-006 9e-005 1
2 OTKDSK 0.718 2.08 -1.31 0.000956 0.0937 2 0 1.5708 7e-006 9e-005 1
2 OTKDSK 0.718 2.08 1.31 0.000956 0.0937 2 0 1.5708 7e-006 9e-005 1
2 OTKDSK 0.718 2.08 1.617 0.000956 0.0937 2 0 1.5708 7e-006 9e-005 1
2 OTKDSK 0.718 2.08 1.883 0.000956 0.0937 2 0 1.5708 7e-006 9e-005 1
2 OTKDSK 0.718 2.08 2.19 0.000956 0.0937 2 0 1.5708 7e-006 9e-005 1
2 OTKDSK 0.99 2.08 -1.2842 0.000562 0.0937 0 0 0 0 0 0
2 OTKDSK 0.6517 0.686 -0.7123 0.000562 0.0937 0 0 0 0 0 0
2 OTKDSK 0.127 0.65 -0.5016 0.000562 0.0937 0 0 0 0 0 0
2 OTKDSK 0.718 2.08 -2.18 0.000342 0.0937 0 0 0 0 0 0
2 OTKDSK 0.718 2.08 -1.893 0.000342 0.0937 0 0 0 0 0 0
2 OTKDSK 0.718 2.08 -1.607 0.000342 0.0937 0 0 0 0 0 0
2 OTKDSK 0.718 2.08 -1.32 0.000342 0.0937 0 0 0 0 0 0
2 OTKDSK 0.718 2.08 1.32 0.000342 0.0937 0 0 0 0 0 0
2 OTKDSK 0.718 2.08 1.607 0.000342 0.0937 0 0 0 0 0 0
2 OTKDSK 0.718 2.08 1.893 0.000342 0.0937 0 0 0 0 0 0
2 OTKDSK 0.718 2.08 2.18 0.000342 0.0937 0 0 0 0 0 0
2 OTKDSK 0.127 0.65 0.5016 0.000562 0.0937 0 0 0 0 0 0
2 OTKDSK 0.6517 0.686 0.7123 0.000562 0.0937 0 0 0 0 0 0
2 OTKDSK 0.99 2.08 1.2842 0.000562 0.0937 0 0 0 0 0 0
1 MAG -2.5 2.5 2.25 0.05 0.0658 0 0 0 0 0 0
